fastapi[standard]==0.113.0
pydantic==2.8.0
qdrant_client


[-1.54421180e-01  5.42724729e-01 -1.62550285e-02  2.51101524e-01
 -3.70309174e-01 -1.63651899e-01  3.91272008e-02 -5.62364869e-02
  1.54065996e-01  7.34319538e-03  1.69434875e-01 -2.12960422e-01
  1.26138732e-01 -1.11557972e-02  1.12027287e-01  1.59839168e-01
  1.08660206e-01 -3.41946334e-02  1.34072065e-01  2.49219909e-01
  1.93971351e-01  2.39073589e-01 -1.24227367e-01 -3.47887725e-02
  2.06377238e-01 -2.83587277e-01  7.38495588e-02 -4.68155369e-02
  1.13339819e-01 -1.64301395e-01  2.53962189e-01 -3.14286053e-02
 -2.13385239e-01  2.10984468e-01 -1.25959754e-01  2.23763645e-01
 -2.54994988e-01  7.42844716e-02  3.20825577e-01  5.57369478e-02
 -8.00060481e-02  1.08807562e-02  2.94549346e-01 -2.42297631e-02
  3.09436917e-01  6.37379512e-02 -5.63717708e-02  7.05823153e-02
 -2.50213146e-01  1.33358657e-01 -5.37687957e-01  4.56381515e-02
 -7.98861906e-02 -2.64394730e-01  9.84673053e-02 -4.10761505e-01
  4.24652919e-02  2.95917332e-01 -8.44497047e-03 -9.75580290e-02
  6.31662831e-03  2.05565497e-01 -1.69586614e-01  2.16274202e-01
 -2.39109725e-01 -1.57219559e-01 -1.32415384e-01 -3.16526324e-01
  1.30974501e-01  1.30786106e-01  5.36451399e-01  6.02185652e-02
  1.12188622e-01 -6.05551660e-01 -3.08075011e-01 -1.63205490e-01
 -3.42456043e-01 -3.79302464e-02 -5.11015952e-01 -3.03173184e-01
  7.35303015e-02 -1.11344263e-01 -1.09082699e-01  1.88971639e-01
 -1.09606452e-01  7.21125603e-02  7.96642751e-02 -3.52148771e-01
 -4.09244671e-02 -1.24523617e-01  1.99125320e-01 -1.23895276e-02
 -1.47139832e-01 -3.48825194e-02  1.28179803e-01 -2.06006050e-01
  1.60153478e-01  1.69619918e-01 -7.22118020e-02  1.18726660e-02
  6.49949089e-02  4.67533208e-02 -2.44370867e-02  1.78488329e-01
 -1.72017217e-01 -2.63738394e-01 -6.74319118e-02 -9.18850675e-02
 -2.69920349e-01  3.62507463e-01 -6.14847802e-02 -1.01421267e-01
 -1.37602538e-01  6.45378046e-03  6.61401451e-02  1.03656035e-02
 -3.16346772e-02 -7.98252076e-02 -3.11436445e-01  1.58833429e-01
 -4.80614305e-02  1.00517407e-01 -2.30500817e-01 -2.46552303e-01
 -1.53858334e-01 -1.96862966e-02  4.92560446e-01 -6.17177486e-02
 -2.35691532e-01  6.50618374e-02 -1.72263131e-01  1.49105638e-01
  3.15282010e-02  1.16583100e-03 -5.11068851e-02  3.04031335e-02
  1.62466407e-01 -2.06500322e-01  3.22543979e-01 -4.61090170e-02
  8.18007961e-02  9.80922133e-02 -1.40569597e-01 -4.46462557e-02
 -6.31735474e-02 -3.04828048e-01  1.89725444e-01 -2.53630996e-01
 -1.54991031e-01 -8.76464471e-02  1.43476725e-01 -4.06674087e-01
 -1.18707851e-01  3.38713527e-01  4.70683098e-01  5.13688549e-02
 -3.10374230e-01  2.79749036e-01  3.93999219e-01 -9.29966802e-04
  5.28820977e-02  4.02617380e-02 -7.04197660e-02  3.08637857e-01
 -6.75670207e-02 -2.08388329e-01 -3.37905347e-01 -4.07865867e-02
  2.62982938e-02  2.04464227e-01  1.65501565e-01  1.43429399e-01
 -2.47766182e-01  3.91387016e-01 -3.94447520e-02  7.48480633e-02
  2.55046964e-01  2.30639502e-01 -2.55869299e-01  2.76027918e-01
  2.26180151e-01 -2.48328641e-01 -4.07935232e-02  1.01485707e-01
 -5.60338572e-02  1.66723624e-01  1.99579269e-01  2.22742021e-01
  4.13471460e-02 -3.54386628e-01 -2.36497819e-01 -7.02167079e-02
 -4.31956530e-01 -2.41699770e-01 -1.53570592e-01 -1.34930298e-01
  1.62201226e-01 -2.33903289e-01  1.29076019e-01  2.82484204e-01
 -3.55866998e-01  2.22829487e-02 -2.58608535e-02 -1.91906080e-01
  1.03049733e-01  1.08752802e-01 -7.60021955e-02  2.16662422e-01
 -5.59476763e-02  3.48508596e-01  1.92213863e-01 -3.42482924e-02
  5.90891764e-02 -7.35035092e-02  1.15426756e-01  1.87653899e-01
  1.55339437e-02  5.50516658e-02 -1.55864000e-01 -6.43173233e-02
  2.86146879e-01 -3.62543523e-01 -9.84998494e-02 -9.68192667e-02
 -6.69308528e-02  3.99452597e-02 -7.27722868e-02  7.79511929e-02
  2.58580834e-01  3.60690877e-02 -1.63642555e-01  5.51746845e-01
  1.17389463e-01 -1.33346707e-01 -1.24881625e-01  1.74708068e-01
  4.53953259e-03 -1.46501482e-01 -1.63321957e-01  5.36724888e-02
  2.30783612e-01  9.66328532e-02 -1.28344998e-01  8.19064826e-02
  2.03298837e-01  2.02406555e-01 -5.99865913e-02 -1.49682254e-01
  6.42053708e-02  2.60204494e-01  9.88465250e-02 -1.61984667e-01
 -4.45162773e-01  2.90862489e-02  1.01586029e-01 -2.57710755e-01
 -6.03560627e-01  4.09754455e-01 -2.02284664e-01 -4.15382311e-02
  2.79807627e-01 -9.70222149e-03 -1.04602333e-02  8.55014175e-02
  2.67979592e-01  2.11258799e-01  3.01516056e-01  1.63958535e-01
 -2.65321076e-01  7.18735084e-02 -2.37743735e-01  8.94027576e-02
  1.18246019e-01 -1.44456595e-01 -5.25214195e-01 -7.60419071e-02
  9.71606225e-02 -3.54010552e-01 -1.60743341e-01 -8.83138776e-02
 -8.19252878e-02 -2.55201876e-01  1.24121413e-01  1.02633350e-01
 -2.22484350e-01 -1.04101241e-01  1.80535793e-01  1.30271375e-01
 -3.64952981e-01  2.90951312e-01 -3.23457941e-02  8.95754397e-02
 -1.24957010e-01 -4.52516913e-01 -2.51873434e-01 -2.68255651e-01
 -3.29668254e-01 -1.27484605e-01 -1.78371757e-01  2.59587411e-02
  4.39807415e-01  1.48744375e-01  1.92241162e-01 -1.51708230e-01
  7.92629719e-02 -1.93519026e-01 -2.10612893e-01 -3.18623722e-01
  3.40783417e-01  1.22986205e-01 -1.67743161e-01 -2.76752740e-01
  1.19451605e-01  2.59531021e-01  1.30047314e-02  4.44656491e-01
  1.18439600e-01 -8.12550448e-03  2.60831714e-01  2.51092970e-01
 -3.12159479e-01 -2.01884940e-01 -5.63002154e-02  5.28435260e-02
  1.95026636e-01  1.73676014e-02 -8.21000263e-02 -1.96433693e-01
 -1.06882408e-01  2.77114928e-01 -6.04307353e-02 -1.15665495e-01
 -8.60214829e-02  9.02101845e-02 -1.72154650e-01  8.90828967e-02
  5.14335744e-02 -1.55512273e-01 -3.14068794e-01 -5.02754189e-02
  1.53344378e-01 -2.75697231e-01  3.73641878e-01 -3.25429589e-01
 -2.46090531e-01  3.68017733e-01 -1.71854019e-01 -1.80901662e-01
 -2.76375078e-02 -1.59147978e-01 -1.30534582e-02  4.72335696e-01
 -1.85701668e-01 -6.48234040e-02 -4.87084724e-02 -1.58055082e-01
  1.21520936e-01  1.45654157e-01  1.85735881e-01  2.23568767e-01
  1.69172853e-01  9.26589072e-02  2.77344853e-01  5.43898046e-01
  6.27957061e-02  1.14090346e-01  8.44839960e-05  2.28708357e-01
 -1.40761524e-01 -7.74962455e-02 -1.47910699e-01 -1.45954732e-02
  4.59657788e-01 -1.65976241e-01  1.71110988e-01 -1.51803419e-01
  3.07518214e-01  2.69986331e-01 -2.29924917e-01  1.61330774e-01
  4.92728114e-01 -2.66100377e-01 -2.90935934e-01  1.48263469e-01]